,Train_loss,Test_loss
0,10.1905268234866,4.813687324523926
1,6.439593085327319,3.4454498291015625
2,4.49248508810997,2.7056469917297363
3,3.4178630486130714,2.301664352416992
4,2.7924358507352216,2.083122730255127
5,2.4120700453740676,1.96927011013031
6,2.1723656436162337,1.9151519536972046
7,2.0169196046356643,1.8950427770614624
8,1.9137389674782752,1.8939396142959595
9,1.8439087827290808,1.9030039310455322
10,1.7958538071385453,1.9170211553573608
11,1.7622879268867628,1.9329426288604736
12,1.7385170791830336,1.949026107788086
13,1.7214581117033958,1.9643234014511108
14,1.7090531540768488,1.9783601760864258
15,1.6999106683901377,1.9909467697143555
16,1.6930765305246627,2.002058267593384
17,1.6878909494195666,2.01176118850708
18,1.6838924058846065,2.0201687812805176
19,1.6807556541902677,2.027411699295044
20,1.6782494640776089,2.0336270332336426
21,1.6762079456022807,2.038944721221924
22,1.674511383686747,2.0434842109680176
23,1.6730725835476603,2.0473551750183105
24,1.6718280260052,2.0506529808044434
25,1.6707305350473949,2.0534610748291016
26,1.6697451966149466,2.055851936340332
27,1.6688460590583938,2.057887554168701
28,1.6680133149027825,2.059622287750244
29,1.6672323224799974,2.0610997676849365
30,1.6664920836687087,2.0623607635498047
31,1.6657832584210805,2.063438892364502
32,1.6650999380009515,2.0643601417541504
33,1.6644365138241224,2.065147876739502
34,1.6637890792318752,2.065823793411255
35,1.6631544440984727,2.066403865814209
36,1.662530556321144,2.066903591156006
37,1.6619149344308035,2.067333698272705
38,1.6613062547785895,2.0677056312561035
39,1.6607034112725938,2.0680274963378906
40,1.6601051128336362,2.068307638168335
41,1.6595108391983169,2.0685513019561768
42,1.6589198536106518,2.068763494491577
43,1.6583315838660513,2.0689499378204346
44,1.6577454266803606,2.0691137313842773
45,1.6571612962654658,2.069258451461792
46,1.6565789505839348,2.069387674331665
47,1.6559979302542551,2.069502592086792
48,1.6554180775369918,2.069606065750122
49,1.65483931856496,2.0696990489959717
50,1.6542613840528897,2.0697834491729736
51,1.6536842348320144,2.0698602199554443
52,1.6531077849013465,2.0699305534362793
53,1.6525318203227861,2.069995403289795
54,1.6519566697733743,2.0700559616088867
55,1.6513817374195372,2.070112943649292
56,1.650807250397546,2.070166826248169
57,1.6502331691128866,2.070216417312622
58,1.649659375846386,2.0702643394470215
59,1.649086045580251,2.07030987739563
